{
 "cells": [
  {
   "cell_type": "code",
   "execution_count": 1,
   "id": "f314194e",
   "metadata": {},
   "outputs": [],
   "source": [
    "import numpy as np\n",
    "import sys\n",
    "import random"
   ]
  },
  {
   "cell_type": "code",
   "execution_count": 2,
   "id": "62525123",
   "metadata": {},
   "outputs": [],
   "source": [
    "#for delete empty lines in txt and write new\n",
    "#with open(\"din_kulturu.txt\",\"r\", encoding = \"utf-8\") as f, open(\"outfile.txt\",\"w\", encoding = \"utf-8\") as outfile:\n",
    "# for i in f.readlines():\n",
    "#       if not i.strip():\n",
    "#           continue\n",
    "#       if i:\n",
    "#           outfile.write(i)"
   ]
  },
  {
   "cell_type": "code",
   "execution_count": 3,
   "id": "b5234b7e",
   "metadata": {},
   "outputs": [],
   "source": [
    "#with open(\"outfile.txt\",\"r\", encoding = \"utf8\") as file:"
   ]
  },
  {
   "cell_type": "code",
   "execution_count": 4,
   "id": "20bf14ba",
   "metadata": {},
   "outputs": [],
   "source": [
    "#for creating 100 text files.Auto name files with outputbase.Splitlen split text until that line\n",
    "#splitLen = 400         # 20 lines per file\n",
    "#outputBase = 'religious_culture' # output.1.txt, output.2.txt, etc.\n",
    "\n",
    "#input = open('outfile.txt', 'r' ,encoding = \"utf8\")\n",
    "\n",
    "#count = 0\n",
    "#at = 0\n",
    "#dest = None\n",
    "#for line in input:\n",
    "#    if count % splitLen == 0:\n",
    "#        if dest: dest.close()\n",
    "#        dest = open(outputBase + str(at+1) + '.txt', 'w',encoding = \"utf8\")\n",
    "#        at += 1\n",
    "#    dest.write(line)\n",
    "#    count += 1       "
   ]
  },
  {
   "cell_type": "code",
   "execution_count": 5,
   "id": "2c961096",
   "metadata": {},
   "outputs": [],
   "source": [
    "def smith_waterman_distance(line1, line2, match=3, substitution=-2, insertion=-2, deletion=-2):\n",
    "    # switch sequences, so that line1 is the longer sequence to search for line2\n",
    "    icoor=[]\n",
    "    jcoor=[]\n",
    "    if len(line2) > len(line1): line1, line2 = line2, line1\n",
    "    # create the distance matrix\n",
    "    mat = np.zeros((len(line2) + 1, len(line1) + 1))\n",
    "    # iterate over the matrix column wise\n",
    "    for i in range(1, mat.shape[0]):\n",
    "        # iterate over the matrix row wise\n",
    "        for j in range(1, mat.shape[1]):\n",
    "            # set the current matrix element with the maximum of 4 different cases\n",
    "            mat[i, j] = max(\n",
    "                # negative values are not allowed\n",
    "                0,\n",
    "                # if previous character matches increase the score by match, else decrease it by substitution\n",
    "                mat[i - 1, j - 1] + (match if line1[j - 1] == line2[i - 1] else substitution),\n",
    "                # one character is missing in line2, so decrease the score by deletion\n",
    "                mat[i - 1, j] + deletion,\n",
    "                # one additional character is in line2, so decrease the scare by insertion\n",
    "                mat[i, j - 1] + insertion\n",
    "            )\n",
    "            if (line1[j - 1]==line2[i - 1]):\n",
    "                icoor.append(i-1)\n",
    "                jcoor.append(j-1)\n",
    "                \n",
    "            \n",
    "    # the maximum of mat is now the score, which is returned raw or normalized (with a range of 0-1)\n",
    "    for k in range(len(icoor)):\n",
    "        print(\"Matched lines are\")\n",
    "        print(\"1: \", line1[jcoor[k-1]],\",j:Coordinate: \", jcoor[k-1])\n",
    "        print(\"2: \", line2[icoor[k-1]],\",i:Coordinate: \", icoor[k-1])\n",
    "        print(mat[icoor[k]-5:icoor[k]+5,jcoor[k]-5:jcoor[k]+5])\n",
    "        print(\"******************************************************\")\n",
    "    "
   ]
  },
  {
   "cell_type": "code",
   "execution_count": 6,
   "id": "22d1bb12",
   "metadata": {},
   "outputs": [],
   "source": [
    "#randomInsertionCount = random.randint(20, 30) insert string 20-30 times"
   ]
  },
  {
   "cell_type": "code",
   "execution_count": 7,
   "id": "50738700",
   "metadata": {},
   "outputs": [],
   "source": [
    "#with open(\"turkish_literature5.txt\", \"r\",encoding = \"utf-8\") as f: open file and take lines for manuplate\n",
    "#    contents = f.readlines() "
   ]
  },
  {
   "cell_type": "code",
   "execution_count": 8,
   "id": "944652ec",
   "metadata": {},
   "outputs": [],
   "source": [
    "#for i in range(randomInsertionCount):\n",
    "#    randomLineNumber = random.randint(0, 399)  insert line between tis range\n",
    "#    print(randomLineNumber)\n",
    "#    contents.insert(randomLineNumber, \"ThisIsTestLineForAlgorithm\\n\") Insert control line"
   ]
  },
  {
   "cell_type": "code",
   "execution_count": 9,
   "id": "3b619788",
   "metadata": {},
   "outputs": [],
   "source": [
    "#with open(\"turkish_literature5.txt\", \"w\",encoding = \"utf-8\") as f: write new lines\n",
    "#    contents = \"\".join(contents)\n",
    "#    f.write(contents)"
   ]
  },
  {
   "cell_type": "code",
   "execution_count": 10,
   "id": "ce4aa2f6",
   "metadata": {},
   "outputs": [
    {
     "name": "stdout",
     "output_type": "stream",
     "text": [
      "Matched lines are\n",
      "1:  ThisIsTestLineForAlgorithm\n",
      " ,j:Coordinate:  407\n",
      "2:  ThisIsTestLineForAlgorithm\n",
      " ,i:Coordinate:  394\n",
      "[]\n",
      "******************************************************\n",
      "Matched lines are\n",
      "1:  MİLLÎ EĞİTİM BAKANLIĞI\n",
      " ,j:Coordinate:  1\n",
      "2:  MİLLÎ EĞİTİM BAKANLIĞI\n",
      " ,i:Coordinate:  0\n",
      "[]\n",
      "******************************************************\n",
      "Matched lines are\n",
      "1:  HAYAT BOYU ÖĞRENME GENEL MÜDÜRLÜĞÜ\n",
      " ,j:Coordinate:  2\n",
      "2:  HAYAT BOYU ÖĞRENME GENEL MÜDÜRLÜĞÜ\n",
      " ,i:Coordinate:  1\n",
      "[]\n",
      "******************************************************\n",
      "Matched lines are\n",
      "1:  YAZARLAR\n",
      " ,j:Coordinate:  5\n",
      "2:  YAZARLAR\n",
      " ,i:Coordinate:  4\n",
      "[[6. 4. 2. 0. 0. 0. 0. 0. 0. 0.]\n",
      " [4. 4. 2. 0. 0. 0. 0. 0. 0. 0.]\n",
      " [2. 2. 2. 0. 0. 0. 0. 0. 0. 0.]\n",
      " [0. 0. 0. 5. 3. 1. 0. 0. 0. 0.]\n",
      " [0. 0. 0. 3. 3. 1. 0. 0. 0. 0.]\n",
      " [0. 0. 0. 1. 1. 1. 0. 0. 0. 0.]\n",
      " [0. 0. 0. 0. 0. 0. 4. 2. 0. 0.]\n",
      " [0. 0. 0. 0. 0. 0. 2. 2. 5. 3.]\n",
      " [0. 0. 0. 0. 0. 0. 0. 0. 3. 8.]\n",
      " [0. 0. 0. 0. 0. 0. 0. 0. 1. 6.]]\n",
      "******************************************************\n",
      "Matched lines are\n",
      "1:  ANKARA - 2022\n",
      " ,j:Coordinate:  8\n",
      "2:  ANKARA - 2022\n",
      " ,i:Coordinate:  7\n",
      "[[ 2.  0.  0.  0.  0.  0.  0.  0.  0.  0.]\n",
      " [ 2.  0.  0.  0.  0.  0.  0.  0.  0.  0.]\n",
      " [ 0.  5.  3.  1.  0.  0.  0.  0.  0.  0.]\n",
      " [ 0.  3.  3.  1.  0.  0.  0.  0.  0.  0.]\n",
      " [ 0.  1.  1.  1.  0.  0.  0.  0.  0.  0.]\n",
      " [ 0.  0.  0.  0.  4.  2.  0.  0.  0.  0.]\n",
      " [ 0.  0.  0.  0.  2.  2.  5.  3.  1.  0.]\n",
      " [ 0.  0.  0.  0.  0.  0.  3.  8.  6.  4.]\n",
      " [ 0.  0.  0.  0.  0.  0.  1.  6. 11.  9.]\n",
      " [ 0.  0.  0.  0.  0.  0.  0.  4.  9. 14.]]\n",
      "******************************************************\n",
      "Matched lines are\n",
      "1:  \f",
      "MEB HAYAT BOYU ÖĞRENME GENEL MÜDÜRLÜĞÜ YAYINLARI\n",
      " ,j:Coordinate:  10\n",
      "2:  \f",
      "MEB HAYAT BOYU ÖĞRENME GENEL MÜDÜRLÜĞÜ YAYINLARI\n",
      " ,i:Coordinate:  8\n",
      "[[ 0.  0.  0.  0.  0.  0.  0.  0.  0.  0.]\n",
      " [ 5.  3.  1.  0.  0.  0.  0.  0.  0.  0.]\n",
      " [ 3.  3.  1.  0.  0.  0.  0.  0.  0.  0.]\n",
      " [ 1.  1.  1.  0.  0.  0.  0.  0.  0.  0.]\n",
      " [ 0.  0.  0.  4.  2.  0.  0.  0.  0.  0.]\n",
      " [ 0.  0.  0.  2.  2.  5.  3.  1.  0.  0.]\n",
      " [ 0.  0.  0.  0.  0.  3.  8.  6.  4.  2.]\n",
      " [ 0.  0.  0.  0.  0.  1.  6. 11.  9.  7.]\n",
      " [ 0.  0.  0.  0.  0.  0.  4.  9. 14. 12.]\n",
      " [ 0.  0.  0.  0.  0.  0.  2.  7. 12. 17.]]\n",
      "******************************************************\n",
      "Matched lines are\n",
      "1:  AÇIK ÖĞRETİM OKULLARI\n",
      " ,j:Coordinate:  11\n",
      "2:  AÇIK ÖĞRETİM OKULLARI\n",
      " ,i:Coordinate:  9\n",
      "[[ 3.  1.  0.  0.  0.  0.  0.  0.  0.  0.]\n",
      " [ 3.  1.  0.  0.  0.  0.  0.  0.  0.  0.]\n",
      " [ 1.  1.  0.  0.  0.  0.  0.  0.  0.  0.]\n",
      " [ 0.  0.  4.  2.  0.  0.  0.  0.  0.  0.]\n",
      " [ 0.  0.  2.  2.  5.  3.  1.  0.  0.  0.]\n",
      " [ 0.  0.  0.  0.  3.  8.  6.  4.  2.  0.]\n",
      " [ 0.  0.  0.  0.  1.  6. 11.  9.  7.  5.]\n",
      " [ 0.  0.  0.  0.  0.  4.  9. 14. 12. 10.]\n",
      " [ 0.  0.  0.  0.  0.  2.  7. 12. 17. 15.]\n",
      " [ 0.  0.  0.  0.  0.  0.  5. 10. 15. 15.]]\n",
      "******************************************************\n",
      "Matched lines are\n",
      "1:  Dil Uzmanı\n",
      " ,j:Coordinate:  12\n",
      "2:  Dil Uzmanı\n",
      " ,i:Coordinate:  10\n",
      "[[ 1.  0.  0.  0.  0.  0.  0.  0.  0.  0.]\n",
      " [ 1.  0.  0.  0.  0.  0.  0.  0.  0.  0.]\n",
      " [ 0.  4.  2.  0.  0.  0.  0.  0.  0.  0.]\n",
      " [ 0.  2.  2.  5.  3.  1.  0.  0.  0.  0.]\n",
      " [ 0.  0.  0.  3.  8.  6.  4.  2.  0.  0.]\n",
      " [ 0.  0.  0.  1.  6. 11.  9.  7.  5.  3.]\n",
      " [ 0.  0.  0.  0.  4.  9. 14. 12. 10.  8.]\n",
      " [ 0.  0.  0.  0.  2.  7. 12. 17. 15. 13.]\n",
      " [ 0.  0.  0.  0.  0.  5. 10. 15. 15. 13.]\n",
      " [ 0.  0.  0.  0.  0.  3.  8. 13. 13. 18.]]\n",
      "******************************************************\n",
      "Matched lines are\n",
      "1:  Bülent Kenan ERKAN\n",
      " ,j:Coordinate:  13\n",
      "2:  Bülent Kenan ERKAN\n",
      " ,i:Coordinate:  11\n",
      "[[ 0.  0.  0.  0.  0.  0.  0.  0.  0.  0.]\n",
      " [ 4.  2.  0.  0.  0.  0.  0.  0.  0.  0.]\n",
      " [ 2.  2.  5.  3.  1.  0.  0.  0.  0.  0.]\n",
      " [ 0.  0.  3.  8.  6.  4.  2.  0.  0.  0.]\n",
      " [ 0.  0.  1.  6. 11.  9.  7.  5.  3.  1.]\n",
      " [ 0.  0.  0.  4.  9. 14. 12. 10.  8.  6.]\n",
      " [ 0.  0.  0.  2.  7. 12. 17. 15. 13. 11.]\n",
      " [ 0.  0.  0.  0.  5. 10. 15. 15. 13. 11.]\n",
      " [ 0.  0.  0.  0.  3.  8. 13. 13. 18. 16.]\n",
      " [ 0.  0.  0.  0.  1.  6. 11. 11. 16. 21.]]\n",
      "******************************************************\n",
      "Matched lines are\n",
      "1:  Grafik Tasarım Uzmanı\n",
      " ,j:Coordinate:  14\n",
      "2:  Grafik Tasarım Uzmanı\n",
      " ,i:Coordinate:  12\n",
      "[[ 5.  3.  1.  0.  0.  0.  0.  0.  0.  0.]\n",
      " [ 3.  8.  6.  4.  2.  0.  0.  0.  0.  0.]\n",
      " [ 1.  6. 11.  9.  7.  5.  3.  1.  0.  0.]\n",
      " [ 0.  4.  9. 14. 12. 10.  8.  6.  4.  2.]\n",
      " [ 0.  2.  7. 12. 17. 15. 13. 11.  9.  7.]\n",
      " [ 0.  0.  5. 10. 15. 15. 13. 11.  9.  7.]\n",
      " [ 0.  0.  3.  8. 13. 13. 18. 16. 14. 12.]\n",
      " [ 0.  0.  1.  6. 11. 11. 16. 21. 19. 17.]\n",
      " [ 0.  0.  0.  4.  9.  9. 14. 19. 24. 22.]\n",
      " [ 0.  0.  0.  2.  7.  7. 12. 17. 22. 22.]]\n",
      "******************************************************\n",
      "Matched lines are\n",
      "1:  Copyright c MEB\n",
      " ,j:Coordinate:  16\n",
      "2:  Copyright c MEB\n",
      " ,i:Coordinate:  14\n",
      "[[ 8.  6.  4.  2.  0.  0.  0.  0.  0.  0.]\n",
      " [ 6. 11.  9.  7.  5.  3.  1.  0.  0.  0.]\n",
      " [ 4.  9. 14. 12. 10.  8.  6.  4.  2.  0.]\n",
      " [ 2.  7. 12. 17. 15. 13. 11.  9.  7.  5.]\n",
      " [ 0.  5. 10. 15. 15. 13. 11.  9.  7.  5.]\n",
      " [ 0.  3.  8. 13. 13. 18. 16. 14. 12. 10.]\n",
      " [ 0.  1.  6. 11. 11. 16. 21. 19. 17. 15.]\n",
      " [ 0.  0.  4.  9.  9. 14. 19. 24. 22. 20.]\n",
      " [ 0.  0.  2.  7.  7. 12. 17. 22. 22. 25.]\n",
      " [ 0.  0.  0.  5.  5. 10. 15. 20. 20. 23.]]\n",
      "******************************************************\n",
      "Matched lines are\n",
      "1:  Her hakkı saklıdır. MillÎ Eğitim Bakanlığına aittir. Tümü ya da bölümleri izin\n",
      " ,j:Coordinate:  17\n",
      "2:  Her hakkı saklıdır. MillÎ Eğitim Bakanlığına aittir. Tümü ya da bölümleri izin\n",
      " ,i:Coordinate:  15\n",
      "[[11.  9.  7.  5.  3.  1.  0.  0.  0.  0.]\n",
      " [ 9. 14. 12. 10.  8.  6.  4.  2.  0.  0.]\n",
      " [ 7. 12. 17. 15. 13. 11.  9.  7.  5.  3.]\n",
      " [ 5. 10. 15. 15. 13. 11.  9.  7.  5.  3.]\n",
      " [ 3.  8. 13. 13. 18. 16. 14. 12. 10.  8.]\n",
      " [ 1.  6. 11. 11. 16. 21. 19. 17. 15. 13.]\n",
      " [ 0.  4.  9.  9. 14. 19. 24. 22. 20. 18.]\n",
      " [ 0.  2.  7.  7. 12. 17. 22. 22. 25. 23.]\n",
      " [ 0.  0.  5.  5. 10. 15. 20. 20. 23. 28.]\n",
      " [ 0.  0.  3.  3.  8. 13. 18. 18. 21. 26.]]\n",
      "******************************************************\n",
      "Matched lines are\n",
      "1:  alınmadan hiçbir şekilde çoğaltılamaz ,j:Coordinate:  18\n",
      "2:  alınmadan hiçbir şekilde çoğaltılamaz ,i:Coordinate:  16\n",
      "[[12. 10.  8.  6.  4.  2.  0.  0.  0.  0.]\n",
      " [17. 15. 13. 11.  9.  7.  5.  3.  1.  0.]\n",
      " [15. 15. 13. 11.  9.  7.  5.  3.  1.  0.]\n",
      " [13. 13. 18. 16. 14. 12. 10.  8.  6.  4.]\n",
      " [11. 11. 16. 21. 19. 17. 15. 13. 11.  9.]\n",
      " [ 9.  9. 14. 19. 24. 22. 20. 18. 16. 14.]\n",
      " [ 7.  7. 12. 17. 22. 22. 25. 23. 21. 19.]\n",
      " [ 5.  5. 10. 15. 20. 20. 23. 28. 26. 24.]\n",
      " [ 3.  3.  8. 13. 18. 18. 21. 26. 31. 29.]\n",
      " [ 1.  1.  6. 11. 16. 16. 19. 24. 29. 34.]]\n",
      "******************************************************\n",
      "Matched lines are\n",
      "1:  \f",
      "İSTİKLÂL MARŞI\n",
      " ,j:Coordinate:  20\n",
      "2:  \f",
      "İSTİKLÂL MARŞI\n",
      " ,i:Coordinate:  17\n",
      "[[15. 13. 11.  9.  7.  5.  3.  1.  0.  0.]\n",
      " [15. 13. 11.  9.  7.  5.  3.  1.  0.  0.]\n",
      " [13. 18. 16. 14. 12. 10.  8.  6.  4.  2.]\n",
      " [11. 16. 21. 19. 17. 15. 13. 11.  9.  7.]\n",
      " [ 9. 14. 19. 24. 22. 20. 18. 16. 14. 12.]\n",
      " [ 7. 12. 17. 22. 22. 25. 23. 21. 19. 17.]\n",
      " [ 5. 10. 15. 20. 20. 23. 28. 26. 24. 22.]\n",
      " [ 3.  8. 13. 18. 18. 21. 26. 31. 29. 27.]\n",
      " [ 1.  6. 11. 16. 16. 19. 24. 29. 34. 32.]\n",
      " [ 0.  4.  9. 14. 14. 17. 22. 27. 32. 37.]]\n",
      "******************************************************\n",
      "Matched lines are\n",
      "1:  Korkma ,j:Coordinate:  21\n",
      "2:  Korkma ,i:Coordinate:  18\n",
      "[[13. 11.  9.  7.  5.  3.  1.  0.  0.  0.]\n",
      " [18. 16. 14. 12. 10.  8.  6.  4.  2.  0.]\n",
      " [16. 21. 19. 17. 15. 13. 11.  9.  7.  5.]\n",
      " [14. 19. 24. 22. 20. 18. 16. 14. 12. 10.]\n",
      " [12. 17. 22. 22. 25. 23. 21. 19. 17. 15.]\n",
      " [10. 15. 20. 20. 23. 28. 26. 24. 22. 20.]\n",
      " [ 8. 13. 18. 18. 21. 26. 31. 29. 27. 25.]\n",
      " [ 6. 11. 16. 16. 19. 24. 29. 34. 32. 30.]\n",
      " [ 4.  9. 14. 14. 17. 22. 27. 32. 37. 35.]\n",
      " [ 2.  7. 12. 12. 15. 20. 25. 30. 35. 40.]]\n",
      "******************************************************\n",
      "Matched lines are\n",
      "1:  Sönmeden yurdumun üstünde tüten en son ocak.\n",
      " ,j:Coordinate:  22\n",
      "2:  Sönmeden yurdumun üstünde tüten en son ocak.\n",
      " ,i:Coordinate:  19\n",
      "[[16. 14. 12. 10.  8.  6.  4.  2.  0.  0.]\n",
      " [21. 19. 17. 15. 13. 11.  9.  7.  5.  3.]\n",
      " [19. 24. 22. 20. 18. 16. 14. 12. 10.  8.]\n",
      " [17. 22. 22. 25. 23. 21. 19. 17. 15. 13.]\n",
      " [15. 20. 20. 23. 28. 26. 24. 22. 20. 18.]\n",
      " [13. 18. 18. 21. 26. 31. 29. 27. 25. 23.]\n",
      " [11. 16. 16. 19. 24. 29. 34. 32. 30. 28.]\n",
      " [ 9. 14. 14. 17. 22. 27. 32. 37. 35. 33.]\n",
      " [ 7. 12. 12. 15. 20. 25. 30. 35. 40. 38.]\n",
      " [ 5. 10. 10. 13. 18. 23. 28. 33. 38. 43.]]\n",
      "******************************************************\n",
      "Matched lines are\n",
      "1:  O benim milletimin yıldızıdır ,j:Coordinate:  23\n",
      "2:  O benim milletimin yıldızıdır ,i:Coordinate:  20\n",
      "[[19. 17. 15. 13. 11.  9.  7.  5.  3.  1.]\n",
      " [24. 22. 20. 18. 16. 14. 12. 10.  8.  6.]\n",
      " [22. 22. 25. 23. 21. 19. 17. 15. 13. 11.]\n",
      " [20. 20. 23. 28. 26. 24. 22. 20. 18. 16.]\n",
      " [18. 18. 21. 26. 31. 29. 27. 25. 23. 21.]\n",
      " [16. 16. 19. 24. 29. 34. 32. 30. 28. 26.]\n",
      " [14. 14. 17. 22. 27. 32. 37. 35. 33. 31.]\n",
      " [12. 12. 15. 20. 25. 30. 35. 40. 38. 36.]\n",
      " [10. 10. 13. 18. 23. 28. 33. 38. 43. 41.]\n",
      " [ 8.  8. 11. 16. 21. 26. 31. 36. 41. 46.]]\n",
      "******************************************************\n",
      "Matched lines are\n",
      "1:  O benimdir ,j:Coordinate:  24\n",
      "2:  O benimdir ,i:Coordinate:  21\n",
      "[[22. 20. 18. 16. 14. 12. 10.  8.  6.  4.]\n",
      " [22. 25. 23. 21. 19. 17. 15. 13. 11.  9.]\n",
      " [20. 23. 28. 26. 24. 22. 20. 18. 16. 14.]\n",
      " [18. 21. 26. 31. 29. 27. 25. 23. 21. 19.]\n",
      " [16. 19. 24. 29. 34. 32. 30. 28. 26. 24.]\n",
      " [14. 17. 22. 27. 32. 37. 35. 33. 31. 29.]\n",
      " [12. 15. 20. 25. 30. 35. 40. 38. 36. 34.]\n",
      " [10. 13. 18. 23. 28. 33. 38. 43. 41. 39.]\n",
      " [ 8. 11. 16. 21. 26. 31. 36. 41. 46. 44.]\n",
      " [ 6.  9. 14. 19. 24. 29. 34. 39. 44. 49.]]\n",
      "******************************************************\n",
      "Matched lines are\n",
      "1:  Bastığın yerleri toprak diyerek geçme ,j:Coordinate:  25\n",
      "2:  Bastığın yerleri toprak diyerek geçme ,i:Coordinate:  22\n",
      "[[25. 23. 21. 19. 17. 15. 13. 11.  9.  7.]\n",
      " [23. 28. 26. 24. 22. 20. 18. 16. 14. 12.]\n",
      " [21. 26. 31. 29. 27. 25. 23. 21. 19. 17.]\n",
      " [19. 24. 29. 34. 32. 30. 28. 26. 24. 22.]\n",
      " [17. 22. 27. 32. 37. 35. 33. 31. 29. 27.]\n",
      " [15. 20. 25. 30. 35. 40. 38. 36. 34. 32.]\n",
      " [13. 18. 23. 28. 33. 38. 43. 41. 39. 37.]\n",
      " [11. 16. 21. 26. 31. 36. 41. 46. 44. 42.]\n",
      " [ 9. 14. 19. 24. 29. 34. 39. 44. 49. 47.]\n",
      " [ 7. 12. 17. 22. 27. 32. 37. 42. 47. 52.]]\n",
      "******************************************************\n",
      "Matched lines are\n",
      "1:  Düşün altındaki binlerce kefensiz yatanı.\n",
      " ,j:Coordinate:  26\n",
      "2:  Düşün altındaki binlerce kefensiz yatanı.\n",
      " ,i:Coordinate:  23\n",
      "[[28. 26. 24. 22. 20. 18. 16. 14. 12. 10.]\n",
      " [26. 31. 29. 27. 25. 23. 21. 19. 17. 15.]\n",
      " [24. 29. 34. 32. 30. 28. 26. 24. 22. 20.]\n",
      " [22. 27. 32. 37. 35. 33. 31. 29. 27. 25.]\n",
      " [20. 25. 30. 35. 40. 38. 36. 34. 32. 30.]\n",
      " [18. 23. 28. 33. 38. 43. 41. 39. 37. 35.]\n",
      " [16. 21. 26. 31. 36. 41. 46. 44. 42. 40.]\n",
      " [14. 19. 24. 29. 34. 39. 44. 49. 47. 45.]\n",
      " [12. 17. 22. 27. 32. 37. 42. 47. 52. 50.]\n",
      " [10. 15. 20. 25. 30. 35. 40. 45. 50. 55.]]\n",
      "******************************************************\n",
      "Matched lines are\n",
      "1:  Sen şehit oğlusun ,j:Coordinate:  27\n",
      "2:  Sen şehit oğlusun ,i:Coordinate:  24\n",
      "[[31. 29. 27. 25. 23. 21. 19. 17. 15. 13.]\n",
      " [29. 34. 32. 30. 28. 26. 24. 22. 20. 18.]\n",
      " [27. 32. 37. 35. 33. 31. 29. 27. 25. 23.]\n",
      " [25. 30. 35. 40. 38. 36. 34. 32. 30. 28.]\n",
      " [23. 28. 33. 38. 43. 41. 39. 37. 35. 33.]\n",
      " [21. 26. 31. 36. 41. 46. 44. 42. 40. 38.]\n",
      " [19. 24. 29. 34. 39. 44. 49. 47. 45. 43.]\n",
      " [17. 22. 27. 32. 37. 42. 47. 52. 50. 48.]\n",
      " [15. 20. 25. 30. 35. 40. 45. 50. 55. 53.]\n",
      " [13. 18. 23. 28. 33. 38. 43. 48. 53. 58.]]\n",
      "******************************************************\n",
      "Matched lines are\n",
      "1:  Verme ,j:Coordinate:  28\n",
      "2:  Verme ,i:Coordinate:  25\n",
      "[[34. 32. 30. 28. 26. 24. 22. 20. 18. 16.]\n",
      " [32. 37. 35. 33. 31. 29. 27. 25. 23. 21.]\n",
      " [30. 35. 40. 38. 36. 34. 32. 30. 28. 26.]\n",
      " [28. 33. 38. 43. 41. 39. 37. 35. 33. 31.]\n",
      " [26. 31. 36. 41. 46. 44. 42. 40. 38. 36.]\n",
      " [24. 29. 34. 39. 44. 49. 47. 45. 43. 41.]\n",
      " [22. 27. 32. 37. 42. 47. 52. 50. 48. 46.]\n",
      " [20. 25. 30. 35. 40. 45. 50. 55. 53. 51.]\n",
      " [18. 23. 28. 33. 38. 43. 48. 53. 58. 56.]\n",
      " [16. 21. 26. 31. 36. 41. 46. 51. 56. 61.]]\n",
      "******************************************************\n",
      "Matched lines are\n",
      "1:  Çatma ,j:Coordinate:  29\n",
      "2:  Çatma ,i:Coordinate:  26\n",
      "[[37. 35. 33. 31. 29. 27. 25. 23. 21. 19.]\n",
      " [35. 40. 38. 36. 34. 32. 30. 28. 26. 24.]\n",
      " [33. 38. 43. 41. 39. 37. 35. 33. 31. 29.]\n",
      " [31. 36. 41. 46. 44. 42. 40. 38. 36. 34.]\n",
      " [29. 34. 39. 44. 49. 47. 45. 43. 41. 39.]\n",
      " [27. 32. 37. 42. 47. 52. 50. 48. 46. 44.]\n",
      " [25. 30. 35. 40. 45. 50. 55. 53. 51. 49.]\n",
      " [23. 28. 33. 38. 43. 48. 53. 58. 56. 54.]\n",
      " [21. 26. 31. 36. 41. 46. 51. 56. 61. 59.]\n",
      " [19. 24. 29. 34. 39. 44. 49. 54. 59. 64.]]\n",
      "******************************************************\n",
      "Matched lines are\n",
      "1:  Kahraman ırkıma bir gül! Ne bu şiddet ,j:Coordinate:  30\n",
      "2:  Kahraman ırkıma bir gül! Ne bu şiddet ,i:Coordinate:  27\n",
      "[[40. 38. 36. 34. 32. 30. 28. 26. 24. 22.]\n",
      " [38. 43. 41. 39. 37. 35. 33. 31. 29. 27.]\n",
      " [36. 41. 46. 44. 42. 40. 38. 36. 34. 32.]\n",
      " [34. 39. 44. 49. 47. 45. 43. 41. 39. 37.]\n",
      " [32. 37. 42. 47. 52. 50. 48. 46. 44. 42.]\n",
      " [30. 35. 40. 45. 50. 55. 53. 51. 49. 47.]\n",
      " [28. 33. 38. 43. 48. 53. 58. 56. 54. 52.]\n",
      " [26. 31. 36. 41. 46. 51. 56. 61. 59. 57.]\n",
      " [24. 29. 34. 39. 44. 49. 54. 59. 64. 62.]\n",
      " [22. 27. 32. 37. 42. 47. 52. 57. 62. 67.]]\n",
      "******************************************************\n",
      "Matched lines are\n",
      "1:  Sana olmaz dökülen kanlarımız sonra helâl.\n",
      " ,j:Coordinate:  31\n",
      "2:  Sana olmaz dökülen kanlarımız sonra helâl.\n",
      " ,i:Coordinate:  28\n",
      "[[43. 41. 39. 37. 35. 33. 31. 29. 27. 25.]\n",
      " [41. 46. 44. 42. 40. 38. 36. 34. 32. 30.]\n",
      " [39. 44. 49. 47. 45. 43. 41. 39. 37. 35.]\n",
      " [37. 42. 47. 52. 50. 48. 46. 44. 42. 40.]\n",
      " [35. 40. 45. 50. 55. 53. 51. 49. 47. 45.]\n",
      " [33. 38. 43. 48. 53. 58. 56. 54. 52. 50.]\n",
      " [31. 36. 41. 46. 51. 56. 61. 59. 57. 55.]\n",
      " [29. 34. 39. 44. 49. 54. 59. 64. 62. 60.]\n",
      " [27. 32. 37. 42. 47. 52. 57. 62. 67. 65.]\n",
      " [25. 30. 35. 40. 45. 50. 55. 60. 65. 70.]]\n",
      "******************************************************\n",
      "Matched lines are\n",
      "1:  Hakkıdır Hakk’a tapan milletimin istiklâl.\n",
      " ,j:Coordinate:  32\n",
      "2:  Hakkıdır Hakk’a tapan milletimin istiklâl.\n",
      " ,i:Coordinate:  29\n",
      "[[46. 44. 42. 40. 38. 36. 34. 32. 30. 28.]\n",
      " [44. 49. 47. 45. 43. 41. 39. 37. 35. 33.]\n",
      " [42. 47. 52. 50. 48. 46. 44. 42. 40. 38.]\n",
      " [40. 45. 50. 55. 53. 51. 49. 47. 45. 43.]\n",
      " [38. 43. 48. 53. 58. 56. 54. 52. 50. 48.]\n",
      " [36. 41. 46. 51. 56. 61. 59. 57. 55. 53.]\n",
      " [34. 39. 44. 49. 54. 59. 64. 62. 60. 58.]\n",
      " [32. 37. 42. 47. 52. 57. 62. 67. 65. 63.]\n",
      " [30. 35. 40. 45. 50. 55. 60. 65. 70. 68.]\n",
      " [28. 33. 38. 43. 48. 53. 58. 63. 68. 73.]]\n",
      "******************************************************\n",
      "Matched lines are\n",
      "1:  Kim bu cennet vatanın uğruna olmaz ki feda?\n",
      " ,j:Coordinate:  33\n",
      "2:  Kim bu cennet vatanın uğruna olmaz ki feda?\n",
      " ,i:Coordinate:  30\n",
      "[[49. 47. 45. 43. 41. 39. 37. 35. 33. 31.]\n",
      " [47. 52. 50. 48. 46. 44. 42. 40. 38. 36.]\n",
      " [45. 50. 55. 53. 51. 49. 47. 45. 43. 41.]\n",
      " [43. 48. 53. 58. 56. 54. 52. 50. 48. 46.]\n",
      " [41. 46. 51. 56. 61. 59. 57. 55. 53. 51.]\n",
      " [39. 44. 49. 54. 59. 64. 62. 60. 58. 56.]\n",
      " [37. 42. 47. 52. 57. 62. 67. 65. 63. 61.]\n",
      " [35. 40. 45. 50. 55. 60. 65. 70. 68. 66.]\n",
      " [33. 38. 43. 48. 53. 58. 63. 68. 73. 71.]\n",
      " [31. 36. 41. 46. 51. 56. 61. 66. 71. 76.]]\n",
      "******************************************************\n",
      "Matched lines are\n",
      "1:  Şüheda fışkıracak toprağı sıksan ,j:Coordinate:  34\n",
      "2:  Şüheda fışkıracak toprağı sıksan ,i:Coordinate:  31\n",
      "[[52. 50. 48. 46. 44. 42. 40. 38. 36. 34.]\n",
      " [50. 55. 53. 51. 49. 47. 45. 43. 41. 39.]\n",
      " [48. 53. 58. 56. 54. 52. 50. 48. 46. 44.]\n",
      " [46. 51. 56. 61. 59. 57. 55. 53. 51. 49.]\n",
      " [44. 49. 54. 59. 64. 62. 60. 58. 56. 54.]\n",
      " [42. 47. 52. 57. 62. 67. 65. 63. 61. 59.]\n",
      " [40. 45. 50. 55. 60. 65. 70. 68. 66. 64.]\n",
      " [38. 43. 48. 53. 58. 63. 68. 73. 71. 69.]\n",
      " [36. 41. 46. 51. 56. 61. 66. 71. 76. 74.]\n",
      " [34. 39. 44. 49. 54. 59. 64. 69. 74. 79.]]\n",
      "******************************************************\n",
      "Matched lines are\n",
      "1:  Cânı ,j:Coordinate:  35\n",
      "2:  Cânı ,i:Coordinate:  32\n",
      "[[55. 53. 51. 49. 47. 45. 43. 41. 39. 37.]\n",
      " [53. 58. 56. 54. 52. 50. 48. 46. 44. 42.]\n",
      " [51. 56. 61. 59. 57. 55. 53. 51. 49. 47.]\n",
      " [49. 54. 59. 64. 62. 60. 58. 56. 54. 52.]\n",
      " [47. 52. 57. 62. 67. 65. 63. 61. 59. 57.]\n",
      " [45. 50. 55. 60. 65. 70. 68. 66. 64. 62.]\n",
      " [43. 48. 53. 58. 63. 68. 73. 71. 69. 67.]\n",
      " [41. 46. 51. 56. 61. 66. 71. 76. 74. 72.]\n",
      " [39. 44. 49. 54. 59. 64. 69. 74. 79. 77.]\n",
      " [37. 42. 47. 52. 57. 62. 67. 72. 77. 82.]]\n",
      "******************************************************\n",
      "Matched lines are\n",
      "1:  Etmesin tek vatanımdan beni dünyada cüda.\n",
      " ,j:Coordinate:  36\n",
      "2:  Etmesin tek vatanımdan beni dünyada cüda.\n",
      " ,i:Coordinate:  33\n",
      "[[58. 56. 54. 52. 50. 48. 46. 44. 42. 40.]\n",
      " [56. 61. 59. 57. 55. 53. 51. 49. 47. 45.]\n",
      " [54. 59. 64. 62. 60. 58. 56. 54. 52. 50.]\n",
      " [52. 57. 62. 67. 65. 63. 61. 59. 57. 55.]\n",
      " [50. 55. 60. 65. 70. 68. 66. 64. 62. 60.]\n",
      " [48. 53. 58. 63. 68. 73. 71. 69. 67. 65.]\n",
      " [46. 51. 56. 61. 66. 71. 76. 74. 72. 70.]\n",
      " [44. 49. 54. 59. 64. 69. 74. 79. 77. 75.]\n",
      " [42. 47. 52. 57. 62. 67. 72. 77. 82. 80.]\n",
      " [40. 45. 50. 55. 60. 65. 70. 75. 80. 85.]]\n",
      "******************************************************\n",
      "Matched lines are\n",
      "1:  Ben ezelden beridir hür yaşadım ,j:Coordinate:  37\n",
      "2:  Ben ezelden beridir hür yaşadım ,i:Coordinate:  34\n",
      "[[61. 59. 57. 55. 53. 51. 49. 47. 45. 43.]\n",
      " [59. 64. 62. 60. 58. 56. 54. 52. 50. 48.]\n",
      " [57. 62. 67. 65. 63. 61. 59. 57. 55. 53.]\n",
      " [55. 60. 65. 70. 68. 66. 64. 62. 60. 58.]\n",
      " [53. 58. 63. 68. 73. 71. 69. 67. 65. 63.]\n",
      " [51. 56. 61. 66. 71. 76. 74. 72. 70. 68.]\n",
      " [49. 54. 59. 64. 69. 74. 79. 77. 75. 73.]\n",
      " [47. 52. 57. 62. 67. 72. 77. 82. 80. 78.]\n",
      " [45. 50. 55. 60. 65. 70. 75. 80. 85. 83.]\n",
      " [43. 48. 53. 58. 63. 68. 73. 78. 83. 88.]]\n",
      "******************************************************\n",
      "Matched lines are\n",
      "1:  Hangi çılgın bana zincir vuracakmış? Şaşarım!\n",
      " ,j:Coordinate:  38\n",
      "2:  Hangi çılgın bana zincir vuracakmış? Şaşarım!\n",
      " ,i:Coordinate:  35\n",
      "[[64. 62. 60. 58. 56. 54. 52. 50. 48. 46.]\n",
      " [62. 67. 65. 63. 61. 59. 57. 55. 53. 51.]\n",
      " [60. 65. 70. 68. 66. 64. 62. 60. 58. 56.]\n",
      " [58. 63. 68. 73. 71. 69. 67. 65. 63. 61.]\n",
      " [56. 61. 66. 71. 76. 74. 72. 70. 68. 66.]\n",
      " [54. 59. 64. 69. 74. 79. 77. 75. 73. 71.]\n",
      " [52. 57. 62. 67. 72. 77. 82. 80. 78. 76.]\n",
      " [50. 55. 60. 65. 70. 75. 80. 85. 83. 81.]\n",
      " [48. 53. 58. 63. 68. 73. 78. 83. 88. 86.]\n",
      " [46. 51. 56. 61. 66. 71. 76. 81. 86. 91.]]\n",
      "******************************************************\n",
      "Matched lines are\n",
      "1:  Kükremiş sel gibiyim ,j:Coordinate:  39\n",
      "2:  Kükremiş sel gibiyim ,i:Coordinate:  36\n",
      "[[67. 65. 63. 61. 59. 57. 55. 53. 51. 49.]\n",
      " [65. 70. 68. 66. 64. 62. 60. 58. 56. 54.]\n",
      " [63. 68. 73. 71. 69. 67. 65. 63. 61. 59.]\n",
      " [61. 66. 71. 76. 74. 72. 70. 68. 66. 64.]\n",
      " [59. 64. 69. 74. 79. 77. 75. 73. 71. 69.]\n",
      " [57. 62. 67. 72. 77. 82. 80. 78. 76. 74.]\n",
      " [55. 60. 65. 70. 75. 80. 85. 83. 81. 79.]\n",
      " [53. 58. 63. 68. 73. 78. 83. 88. 86. 84.]\n",
      " [51. 56. 61. 66. 71. 76. 81. 86. 91. 89.]\n",
      " [49. 54. 59. 64. 69. 74. 79. 84. 89. 94.]]\n",
      "******************************************************\n",
      "Matched lines are\n",
      "1:  Yırtarım dağları ,j:Coordinate:  40\n",
      "2:  Yırtarım dağları ,i:Coordinate:  37\n",
      "[[70. 68. 66. 64. 62. 60. 58. 56. 54. 52.]\n",
      " [68. 73. 71. 69. 67. 65. 63. 61. 59. 57.]\n",
      " [66. 71. 76. 74. 72. 70. 68. 66. 64. 62.]\n",
      " [64. 69. 74. 79. 77. 75. 73. 71. 69. 67.]\n",
      " [62. 67. 72. 77. 82. 80. 78. 76. 74. 72.]\n",
      " [60. 65. 70. 75. 80. 85. 83. 81. 79. 77.]\n",
      " [58. 63. 68. 73. 78. 83. 88. 86. 84. 82.]\n",
      " [56. 61. 66. 71. 76. 81. 86. 91. 89. 87.]\n",
      " [54. 59. 64. 69. 74. 79. 84. 89. 94. 92.]\n",
      " [52. 57. 62. 67. 72. 77. 82. 87. 92. 97.]]\n",
      "******************************************************\n",
      "Matched lines are\n",
      "1:  Ruhumun senden İlâhî ,j:Coordinate:  41\n",
      "2:  Ruhumun senden İlâhî ,i:Coordinate:  38\n",
      "[[ 73.  71.  69.  67.  65.  63.  61.  59.  57.  55.]\n",
      " [ 71.  76.  74.  72.  70.  68.  66.  64.  62.  60.]\n",
      " [ 69.  74.  79.  77.  75.  73.  71.  69.  67.  65.]\n",
      " [ 67.  72.  77.  82.  80.  78.  76.  74.  72.  70.]\n",
      " [ 65.  70.  75.  80.  85.  83.  81.  79.  77.  75.]\n",
      " [ 63.  68.  73.  78.  83.  88.  86.  84.  82.  80.]\n",
      " [ 61.  66.  71.  76.  81.  86.  91.  89.  87.  85.]\n",
      " [ 59.  64.  69.  74.  79.  84.  89.  94.  92.  90.]\n",
      " [ 57.  62.  67.  72.  77.  82.  87.  92.  97.  95.]\n",
      " [ 55.  60.  65.  70.  75.  80.  85.  90.  95. 100.]]\n",
      "******************************************************\n",
      "Matched lines are\n",
      "1:  Değmesin mabedimin göğsüne nâmahrem eli.\n",
      " ,j:Coordinate:  42\n",
      "2:  Değmesin mabedimin göğsüne nâmahrem eli.\n",
      " ,i:Coordinate:  39\n",
      "[[ 76.  74.  72.  70.  68.  66.  64.  62.  60.  58.]\n",
      " [ 74.  79.  77.  75.  73.  71.  69.  67.  65.  63.]\n",
      " [ 72.  77.  82.  80.  78.  76.  74.  72.  70.  68.]\n",
      " [ 70.  75.  80.  85.  83.  81.  79.  77.  75.  73.]\n",
      " [ 68.  73.  78.  83.  88.  86.  84.  82.  80.  78.]\n",
      " [ 66.  71.  76.  81.  86.  91.  89.  87.  85.  83.]\n",
      " [ 64.  69.  74.  79.  84.  89.  94.  92.  90.  88.]\n",
      " [ 62.  67.  72.  77.  82.  87.  92.  97.  95.  93.]\n",
      " [ 60.  65.  70.  75.  80.  85.  90.  95. 100.  98.]\n",
      " [ 58.  63.  68.  73.  78.  83.  88.  93.  98. 103.]]\n",
      "******************************************************\n",
      "Matched lines are\n",
      "1:  Bu ezanlar -ki şehadetleri dinin temeliEbedî yurdumun üstünde benim inlemeli.\n",
      " ,j:Coordinate:  43\n",
      "2:  Bu ezanlar -ki şehadetleri dinin temeliEbedî yurdumun üstünde benim inlemeli.\n",
      " ,i:Coordinate:  40\n",
      "[[ 79.  77.  75.  73.  71.  69.  67.  65.  63.  61.]\n",
      " [ 77.  82.  80.  78.  76.  74.  72.  70.  68.  66.]\n",
      " [ 75.  80.  85.  83.  81.  79.  77.  75.  73.  71.]\n",
      " [ 73.  78.  83.  88.  86.  84.  82.  80.  78.  76.]\n",
      " [ 71.  76.  81.  86.  91.  89.  87.  85.  83.  81.]\n",
      " [ 69.  74.  79.  84.  89.  94.  92.  90.  88.  86.]\n",
      " [ 67.  72.  77.  82.  87.  92.  97.  95.  93.  91.]\n",
      " [ 65.  70.  75.  80.  85.  90.  95. 100.  98.  96.]\n",
      " [ 63.  68.  73.  78.  83.  88.  93.  98. 103. 101.]\n",
      " [ 61.  66.  71.  76.  81.  86.  91.  96. 101. 106.]]\n",
      "******************************************************\n",
      "Matched lines are\n",
      "1:  Garbın âfâkını sarmışsa çelik zırhlı duvar ,j:Coordinate:  44\n",
      "2:  Garbın âfâkını sarmışsa çelik zırhlı duvar ,i:Coordinate:  41\n",
      "[[ 82.  80.  78.  76.  74.  72.  70.  68.  66.  64.]\n",
      " [ 80.  85.  83.  81.  79.  77.  75.  73.  71.  69.]\n",
      " [ 78.  83.  88.  86.  84.  82.  80.  78.  76.  74.]\n",
      " [ 76.  81.  86.  91.  89.  87.  85.  83.  81.  79.]\n",
      " [ 74.  79.  84.  89.  94.  92.  90.  88.  86.  84.]\n",
      " [ 72.  77.  82.  87.  92.  97.  95.  93.  91.  89.]\n",
      " [ 70.  75.  80.  85.  90.  95. 100.  98.  96.  94.]\n",
      " [ 68.  73.  78.  83.  88.  93.  98. 103. 101.  99.]\n",
      " [ 66.  71.  76.  81.  86.  91.  96. 101. 106. 104.]\n",
      " [ 64.  69.  74.  79.  84.  89.  94.  99. 104. 109.]]\n",
      "******************************************************\n",
      "Matched lines are\n",
      "1:  Benim iman dolu göğsüm gibi serhaddim var.\n",
      " ,j:Coordinate:  45\n",
      "2:  Benim iman dolu göğsüm gibi serhaddim var.\n",
      " ,i:Coordinate:  42\n",
      "[[ 85.  83.  81.  79.  77.  75.  73.  71.  69.  67.]\n",
      " [ 83.  88.  86.  84.  82.  80.  78.  76.  74.  72.]\n",
      " [ 81.  86.  91.  89.  87.  85.  83.  81.  79.  77.]\n",
      " [ 79.  84.  89.  94.  92.  90.  88.  86.  84.  82.]\n",
      " [ 77.  82.  87.  92.  97.  95.  93.  91.  89.  87.]\n",
      " [ 75.  80.  85.  90.  95. 100.  98.  96.  94.  92.]\n",
      " [ 73.  78.  83.  88.  93.  98. 103. 101.  99.  97.]\n",
      " [ 71.  76.  81.  86.  91.  96. 101. 106. 104. 102.]\n",
      " [ 69.  74.  79.  84.  89.  94.  99. 104. 109. 107.]\n",
      " [ 67.  72.  77.  82.  87.  92.  97. 102. 107. 112.]]\n",
      "******************************************************\n",
      "Matched lines are\n",
      "1:  Ulusun ,j:Coordinate:  46\n",
      "2:  Ulusun ,i:Coordinate:  43\n",
      "[[ 88.  86.  84.  82.  80.  78.  76.  74.  72.  70.]\n",
      " [ 86.  91.  89.  87.  85.  83.  81.  79.  77.  75.]\n",
      " [ 84.  89.  94.  92.  90.  88.  86.  84.  82.  80.]\n",
      " [ 82.  87.  92.  97.  95.  93.  91.  89.  87.  85.]\n",
      " [ 80.  85.  90.  95. 100.  98.  96.  94.  92.  90.]\n",
      " [ 78.  83.  88.  93.  98. 103. 101.  99.  97.  95.]\n",
      " [ 76.  81.  86.  91.  96. 101. 106. 104. 102. 100.]\n",
      " [ 74.  79.  84.  89.  94.  99. 104. 109. 107. 105.]\n",
      " [ 72.  77.  82.  87.  92.  97. 102. 107. 112. 110.]\n",
      " [ 70.  75.  80.  85.  90.  95. 100. 105. 110. 115.]]\n",
      "******************************************************\n",
      "Matched lines are\n",
      "1:  Medeniyyet dediğin tek dişi kalmış canavar?\n",
      " ,j:Coordinate:  47\n",
      "2:  Medeniyyet dediğin tek dişi kalmış canavar?\n",
      " ,i:Coordinate:  44\n",
      "[[ 91.  89.  87.  85.  83.  81.  79.  77.  75.  73.]\n",
      " [ 89.  94.  92.  90.  88.  86.  84.  82.  80.  78.]\n",
      " [ 87.  92.  97.  95.  93.  91.  89.  87.  85.  83.]\n",
      " [ 85.  90.  95. 100.  98.  96.  94.  92.  90.  88.]\n",
      " [ 83.  88.  93.  98. 103. 101.  99.  97.  95.  93.]\n",
      " [ 81.  86.  91.  96. 101. 106. 104. 102. 100.  98.]\n",
      " [ 79.  84.  89.  94.  99. 104. 109. 107. 105. 103.]\n",
      " [ 77.  82.  87.  92.  97. 102. 107. 112. 110. 108.]\n",
      " [ 75.  80.  85.  90.  95. 100. 105. 110. 115. 113.]\n",
      " [ 73.  78.  83.  88.  93.  98. 103. 108. 113. 118.]]\n",
      "******************************************************\n",
      "Matched lines are\n",
      "1:  O zaman vecd ile bin secde eder -varsa- taşım ,j:Coordinate:  48\n",
      "2:  O zaman vecd ile bin secde eder -varsa- taşım ,i:Coordinate:  45\n",
      "[[ 94.  92.  90.  88.  86.  84.  82.  80.  78.  76.]\n",
      " [ 92.  97.  95.  93.  91.  89.  87.  85.  83.  81.]\n",
      " [ 90.  95. 100.  98.  96.  94.  92.  90.  88.  86.]\n",
      " [ 88.  93.  98. 103. 101.  99.  97.  95.  93.  91.]\n",
      " [ 86.  91.  96. 101. 106. 104. 102. 100.  98.  96.]\n",
      " [ 84.  89.  94.  99. 104. 109. 107. 105. 103. 101.]\n",
      " [ 82.  87.  92.  97. 102. 107. 112. 110. 108. 106.]\n",
      " [ 80.  85.  90.  95. 100. 105. 110. 115. 113. 111.]\n",
      " [ 78.  83.  88.  93.  98. 103. 108. 113. 118. 116.]\n",
      " [ 76.  81.  86.  91.  96. 101. 106. 111. 116. 121.]]\n",
      "******************************************************\n",
      "Matched lines are\n",
      "1:  Her cerîhamdan İlâhî ,j:Coordinate:  49\n",
      "2:  Her cerîhamdan İlâhî ,i:Coordinate:  46\n",
      "[[ 97.  95.  93.  91.  89.  87.  85.  83.  81.  79.]\n",
      " [ 95. 100.  98.  96.  94.  92.  90.  88.  86.  84.]\n",
      " [ 93.  98. 103. 101.  99.  97.  95.  93.  91.  89.]\n",
      " [ 91.  96. 101. 106. 104. 102. 100.  98.  96.  94.]\n",
      " [ 89.  94.  99. 104. 109. 107. 105. 103. 101.  99.]\n",
      " [ 87.  92.  97. 102. 107. 112. 110. 108. 106. 104.]\n",
      " [ 85.  90.  95. 100. 105. 110. 115. 113. 111. 109.]\n",
      " [ 83.  88.  93.  98. 103. 108. 113. 118. 116. 114.]\n",
      " [ 81.  86.  91.  96. 101. 106. 111. 116. 121. 119.]\n",
      " [ 79.  84.  89.  94.  99. 104. 109. 114. 119. 124.]]\n",
      "******************************************************\n",
      "Matched lines are\n",
      "1:  Fışkırır ruh-ı mücerret gibi yerden na’şım;\n",
      " ,j:Coordinate:  50\n",
      "2:  Fışkırır ruh-ı mücerret gibi yerden na’şım;\n",
      " ,i:Coordinate:  47\n",
      "[[100.  98.  96.  94.  92.  90.  88.  86.  84.  82.]\n",
      " [ 98. 103. 101.  99.  97.  95.  93.  91.  89.  87.]\n",
      " [ 96. 101. 106. 104. 102. 100.  98.  96.  94.  92.]\n",
      " [ 94.  99. 104. 109. 107. 105. 103. 101.  99.  97.]\n",
      " [ 92.  97. 102. 107. 112. 110. 108. 106. 104. 102.]\n",
      " [ 90.  95. 100. 105. 110. 115. 113. 111. 109. 107.]\n",
      " [ 88.  93.  98. 103. 108. 113. 118. 116. 114. 112.]\n",
      " [ 86.  91.  96. 101. 106. 111. 116. 121. 119. 117.]\n",
      " [ 84.  89.  94.  99. 104. 109. 114. 119. 124. 122.]\n",
      " [ 82.  87.  92.  97. 102. 107. 112. 117. 122. 122.]]\n",
      "******************************************************\n",
      "Matched lines are\n",
      "1:  O zaman yükselerek arşa değer belki başım.\n",
      " ,j:Coordinate:  51\n",
      "2:  O zaman yükselerek arşa değer belki başım.\n",
      " ,i:Coordinate:  48\n",
      "[[103. 101.  99.  97.  95.  93.  91.  89.  87.  85.]\n",
      " [101. 106. 104. 102. 100.  98.  96.  94.  92.  90.]\n",
      " [ 99. 104. 109. 107. 105. 103. 101.  99.  97.  95.]\n",
      " [ 97. 102. 107. 112. 110. 108. 106. 104. 102. 100.]\n",
      " [ 95. 100. 105. 110. 115. 113. 111. 109. 107. 105.]\n",
      " [ 93.  98. 103. 108. 113. 118. 116. 114. 112. 110.]\n",
      " [ 91.  96. 101. 106. 111. 116. 121. 119. 117. 115.]\n",
      " [ 89.  94.  99. 104. 109. 114. 119. 124. 122. 120.]\n",
      " [ 87.  92.  97. 102. 107. 112. 117. 122. 122. 125.]\n",
      " [ 85.  90.  95. 100. 105. 110. 115. 120. 120. 123.]]\n",
      "******************************************************\n",
      "Matched lines are\n",
      "1:  Arkadaş ,j:Coordinate:  52\n",
      "2:  Arkadaş ,i:Coordinate:  49\n",
